srun: error: Invalid user id 1002: No error
srun: Warning: Unable to assume uid=1002

     Program PWSCF v.6.5 starts on 19Apr2021 at 17:26:53 

     This program is part of the open-source Quantum ESPRESSO suite
     for quantum simulation of materials; please cite
         "P. Giannozzi et al., J. Phys.:Condens. Matter 21 395502 (2009);
         "P. Giannozzi et al., J. Phys.:Condens. Matter 29 465901 (2017);
          URL http://www.quantum-espresso.org", 
     in publications or presentations arising from this work. More details at
     http://www.quantum-espresso.org/quote

     Parallel version (MPI), running on    32 processors

     MPI processes distributed on     1 nodes
     R & G space division:  proc/nbgrp/npool/nimage =      32
     Reading input from MD0001K.in

     Current dimensions of program PWSCF are:
     Max number of different atomic species (ntypx) = 10
     Max number of k-points (npk) =  40000
     Max angular momentum in pseudopotentials (lmaxx) =  3
               file Al.pbe-n-kjpaw_psl.1.0.0.UPF: wavefunction(s)  3S 3P renormalized
               file Nb.pbe-spn-kjpaw_psl.0.3.0.UPF: wavefunction(s)  4S 4P renormalized

     Subspace diagonalization in iterative solution of the eigenvalue problem:
     a serial algorithm will be used

     Found symmetry operation: I + ( -0.0000 -0.5000  0.5000)
     This is a supercell, fractional translations are disabled

     Parallelization info
     --------------------
     sticks:   dense  smooth     PW     G-vecs:    dense   smooth      PW
     Min          64      28      8                 2173      637     104
     Max          65      29      9                 2178      642     109
     Sum        2053     901    277                69599    20479    3407



     bravais-lattice index     =            0
     lattice parameter (alat)  =       7.6373  a.u.
     unit-cell volume          =     445.4683 (a.u.)^3
     number of atoms/cell      =            4
     number of atomic types    =            6
     number of electrons       =        12.00
     number of Kohn-Sham states=           10
     kinetic-energy cutoff     =      48.9484  Ry
     charge density cutoff     =     440.5350  Ry
     convergence threshold     =      1.0E-06
     mixing beta               =       0.4000
     number of iterations used =            8  plain     mixing
     Exchange-correlation= SLA  PW   PBE  PBE
                           (   1   4   3   4   0   0   0)
     nstep                     =          100


     celldm(1)=   7.637283  celldm(2)=   0.000000  celldm(3)=   0.000000
     celldm(4)=   0.000000  celldm(5)=   0.000000  celldm(6)=   0.000000

     crystal axes: (cart. coord. in units of alat)
               a(1) = (   1.000000   0.000000   0.000000 )  
               a(2) = (   0.000000   1.000000   0.000000 )  
               a(3) = (   0.000000   0.000000   1.000001 )  

     reciprocal axes: (cart. coord. in units 2 pi/alat)
               b(1) = (  1.000000 -0.000000 -0.000000 )  
               b(2) = ( -0.000000  1.000000 -0.000000 )  
               b(3) = ( -0.000000 -0.000000  0.999999 )  


     PseudoPot. # 1 for Al read from file:
     /opt/QEpot/SSSP_precision_pseudos/Al.pbe-n-kjpaw_psl.1.0.0.UPF
     MD5 check sum: cfc449ca30b5f3223ec38ddd88ac046d
     Pseudo is Projector augmented-wave + core cor, Zval =  3.0
     Generated using "atomic" code by A. Dal Corso v.5.1
     Shape of augmentation charge: PSQ
     Using radial grid of 1135 points,  6 beta functions with: 
                l(1) =   0
                l(2) =   0
                l(3) =   1
                l(4) =   1
                l(5) =   2
                l(6) =   2
     Q(r) pseudized with 0 coefficients 


     PseudoPot. # 2 for Mo read from file:
     /opt/QEpot/SSSP_precision_pseudos/Mo_ONCV_PBE-1.0.oncvpsp.upf
     MD5 check sum: 1b5d28e075c9ccadda658a603575cd1f
     Pseudo is Norm-conserving, Zval = 14.0
     Generated using ONCVPSP code by D. R. Hamann
     Using radial grid of 1526 points,  6 beta functions with: 
                l(1) =   0
                l(2) =   0
                l(3) =   1
                l(4) =   1
                l(5) =   2
                l(6) =   2

     PseudoPot. # 3 for Nb read from file:
     /opt/QEpot/SSSP_precision_pseudos/Nb.pbe-spn-kjpaw_psl.0.3.0.UPF
     MD5 check sum: 411d72ad547312f8017e2943ceca08cc
     Pseudo is Projector augmented-wave + core cor, Zval = 13.0
     Generated using "atomic" code by A. Dal Corso v.5.0.99 svn rev. 10869
     Shape of augmentation charge: PSQ
     Using radial grid of 1227 points,  6 beta functions with: 
                l(1) =   0
                l(2) =   0
                l(3) =   1
                l(4) =   1
                l(5) =   2
                l(6) =   2
     Q(r) pseudized with 0 coefficients 


     PseudoPot. # 4 for Ta read from file:
     /opt/QEpot/SSSP_precision_pseudos/Ta_pbe_v1.uspp.F.UPF
     MD5 check sum: f8bbe9446314a3b8ea5d9f3e3836c939
     Pseudo is Ultrasoft + core correction, Zval = 13.0
     Generated by new atomic code, or converted to UPF format
     Using radial grid of  921 points,  7 beta functions with: 
                l(1) =   0
                l(2) =   0
                l(3) =   1
                l(4) =   1
                l(5) =   2
                l(6) =   2
                l(7) =   3
     Q(r) pseudized with  6 coefficients,  rinner =    1.300   1.300   1.300
                                                       1.300   1.300   1.300
                                                       1.300

     PseudoPot. # 5 for Tl read from file:
     /opt/QEpot/SSSP_precision_pseudos/Ti_pbe_v1.2.uspp.F.UPF
     MD5 check sum: b76cf1f7e72655a2b2c53cf6385d7059
     Pseudo is Ultrasoft + core correction, Zval = 13.0
     Generated by new atomic code, or converted to UPF format
     Using radial grid of  899 points,  6 beta functions with: 
                l(1) =   0
                l(2) =   0
                l(3) =   1
                l(4) =   1
                l(5) =   2
                l(6) =   2
     Q(r) pseudized with  6 coefficients,  rinner =    1.100   1.100   1.100
                                                       1.100   1.100

     PseudoPot. # 6 for Zr read from file:
     /opt/QEpot/SSSP_precision_pseudos/Zr_pbe_v1.uspp.F.UPF
     MD5 check sum: 5db81b1e868ab7776c4564c113de050b
     Pseudo is Ultrasoft + core correction, Zval = 12.0
     Generated by new atomic code, or converted to UPF format
     Using radial grid of  887 points,  6 beta functions with: 
                l(1) =   0
                l(2) =   0
                l(3) =   1
                l(4) =   1
                l(5) =   2
                l(6) =   2
     Q(r) pseudized with  6 coefficients,  rinner =    1.200   1.200   1.200
                                                       1.200   1.200

     atomic species   valence    mass     pseudopotential
        Al             3.00    26.98154     Al( 1.00)
        Mo            14.00    95.95000     Mo( 1.00)
        Nb            13.00    92.90638     Nb( 1.00)
        Ta            13.00   180.94788     Ta( 1.00)
        Ti            13.00    47.86700     Tl( 1.00)
        Zr            12.00    91.22400     Zr( 1.00)

      cell mass =   8.20140 AMU 

     No symmetry found



   Cartesian axes

     site n.     atom                  positions (alat units)
         1           Al  tau(   1) = (  -0.0000001  -0.0000001  -0.0000000  )
         2           Al  tau(   2) = (  -0.0000002   0.5000001   0.5000002  )
         3           Al  tau(   3) = (   0.5000003  -0.0000001   0.5000005  )
         4           Al  tau(   4) = (   0.5000001   0.5000001   0.0000001  )

     number of k points=   504  Gaussian smearing, width (Ry)=  0.0100

     Number of k-points >= 100: set verbosity='high' to print them.

     Dense  grid:    69599 G-vectors     FFT dimensions: (  54,  54,  54)

     Smooth grid:    20479 G-vectors     FFT dimensions: (  36,  36,  36)

     Estimated max dynamical RAM per process >      66.30 MB

     Estimated total dynamical RAM >       2.07 GB

     Initial potential from superposition of free atoms

     starting charge   11.99084, renormalised to   12.00000
     Starting wfcs are   16 randomized atomic wfcs
     Checking if some PAW data can be deallocated... 

     total cpu time spent up to now is       11.3 secs

     Self-consistent Calculation

     iteration #  1     ecut=    48.95 Ry     beta= 0.40
     Davidson diagonalization with overlap
     ethr =  1.00E-02,  avg # of iterations =  3.3

     Threshold (ethr) on eigenvalues was too large:
     Diagonalizing with lowered threshold

     Davidson diagonalization with overlap
     ethr =  1.82E-04,  avg # of iterations =  3.2

     total cpu time spent up to now is       24.0 secs

     total energy              =    -158.01225769 Ry
     Harris-Foulkes estimate   =    -158.01608232 Ry
     estimated scf accuracy    <       0.02170523 Ry

     iteration #  2     ecut=    48.95 Ry     beta= 0.40
     Davidson diagonalization with overlap
     ethr =  1.81E-04,  avg # of iterations =  1.0

     total cpu time spent up to now is       29.0 secs

     total energy              =    -158.01032135 Ry
     Harris-Foulkes estimate   =    -158.01236564 Ry
     estimated scf accuracy    <       0.00744310 Ry

     iteration #  3     ecut=    48.95 Ry     beta= 0.40
     Davidson diagonalization with overlap
     ethr =  6.20E-05,  avg # of iterations =  1.2

     total cpu time spent up to now is       33.7 secs

     total energy              =    -158.01048466 Ry
     Harris-Foulkes estimate   =    -158.01048904 Ry
     estimated scf accuracy    <       0.00001206 Ry

     iteration #  4     ecut=    48.95 Ry     beta= 0.40
     Davidson diagonalization with overlap
     ethr =  1.01E-07,  avg # of iterations =  3.9

     total cpu time spent up to now is       41.0 secs

     total energy              =    -158.01049797 Ry
     Harris-Foulkes estimate   =    -158.01049875 Ry
     estimated scf accuracy    <       0.00000297 Ry

     iteration #  5     ecut=    48.95 Ry     beta= 0.40
     Davidson diagonalization with overlap
     ethr =  2.48E-08,  avg # of iterations =  1.1

     total cpu time spent up to now is       45.8 secs

     End of self-consistent calculation

     Number of k-points >= 100: set verbosity='high' to print the bands.

     the Fermi energy is     7.9356 ev

!    total energy              =    -158.01049803 Ry
     Harris-Foulkes estimate   =    -158.01049803 Ry
     estimated scf accuracy    <       0.00000001 Ry

     convergence has been achieved in   5 iterations

     Forces acting on atoms (cartesian axes, Ry/au):

     atom    1 type  1   force =    -0.00000535   -0.00000810   -0.00000435
     atom    2 type  1   force =    -0.00000319    0.00000765    0.00000746
     atom    3 type  1   force =     0.00000272   -0.00000721   -0.00000051
     atom    4 type  1   force =     0.00000582    0.00000766   -0.00000260

     Total force =     0.000020     Total SCF correction =     0.000027
     SCF correction compared to forces is large: reduce conv_thr to get better values


     Computing stress (Cartesian axis) and pressure

          total   stress  (Ry/bohr**3)                   (kbar)     P=        0.09
   0.00000058  -0.00000001  -0.00000003            0.09       -0.00       -0.00
  -0.00000001   0.00000058  -0.00000003           -0.00        0.08       -0.00
  -0.00000003  -0.00000003   0.00000060           -0.00       -0.00        0.09


     Entering Dynamics;  it =     1   time =  0.00000 pico-seconds

 natom=0 for type           2 in sub ranv (1) !!!! 
 natom=0 for type           3 in sub ranv (1) !!!! 
 natom=0 for type           4 in sub ranv (1) !!!! 
 natom=0 for type           5 in sub ranv (1) !!!! 
 natom=0 for type           6 in sub ranv (1) !!!! 
  new lattice vectors (alat unit) :
   1.000000158   0.000000007   0.000000075
   0.000000007   1.000000040   0.000000058
   0.000000075   0.000000058   1.000000757
  new unit-cell volume =    445.4685 (a.u.)^3
  new positions in cryst coord
Al      -0.000002276   0.000000296  -0.000001031
Al       0.000000191   0.500000131   0.500001713
Al       0.500001967  -0.000001360   0.499998908
Al       0.500000118   0.500000933   0.000000410
  new positions in cart coord (alat unit)
Al      -0.000002276   0.000000296  -0.000001031
Al       0.000000232   0.500000180   0.500002120
Al       0.500002083  -0.000001327   0.499999324
Al       0.500000201   0.500000956   0.000000476

     Ekin =     0.00000003 Ry    T =    0.0 K  Etot =  -158.01049800
     new unit-cell volume =    445.46853 a.u.^3 (    66.01162 Ang^3 )
     density =      2.71491 g/cm^3

CELL_PARAMETERS (angstrom)
   4.041476627   0.000000029   0.000000303
   0.000000029   4.041476150   0.000000233
   0.000000303   0.000000233   4.041479049

ATOMIC_POSITIONS (angstrom)
Al           -0.0000091991        0.0000011948       -0.0000041669
Al            0.0000009379        2.0207387219        2.0207465630
Al            2.0207464148       -0.0000053637        2.0207352643
Al            2.0207388055        2.0207418587        0.0000019244



     Writing output data file ./pwscf.save/
     NEW-OLD atomic charge density approx. for the potential
     extrapolated charge   12.00001, renormalised to   12.00000

     total cpu time spent up to now is       56.6 secs

     Self-consistent Calculation

     iteration #  1     ecut=    48.95 Ry     beta= 0.40
     Davidson diagonalization with overlap
     ethr =  1.00E-06,  avg # of iterations =  1.6

     Threshold (ethr) on eigenvalues was too large:
     Diagonalizing with lowered threshold

     Davidson diagonalization with overlap
     ethr =  4.63E-11,  avg # of iterations =  2.7

     total cpu time spent up to now is       67.1 secs

     End of self-consistent calculation

     Number of k-points >= 100: set verbosity='high' to print the bands.

     the Fermi energy is     7.9356 ev

!    total energy              =    -158.01049804 Ry
     Harris-Foulkes estimate   =    -158.01050274 Ry
     estimated scf accuracy    <          8.3E-09 Ry

     convergence has been achieved in   1 iterations

     Forces acting on atoms (cartesian axes, Ry/au):

     atom    1 type  1   force =     0.00000501    0.00000550    0.00000287
     atom    2 type  1   force =     0.00000320   -0.00000559   -0.00000380
     atom    3 type  1   force =    -0.00000430    0.00000610   -0.00000105
     atom    4 type  1   force =    -0.00000391   -0.00000601    0.00000197

     Total force =     0.000015     Total SCF correction =     0.000046
     SCF correction compared to forces is large: reduce conv_thr to get better values


     Computing stress (Cartesian axis) and pressure

          total   stress  (Ry/bohr**3)                   (kbar)     P=        0.10
   0.00000068   0.00000000   0.00000000            0.10        0.00        0.00
   0.00000000   0.00000068   0.00000000            0.00        0.10        0.00
   0.00000000   0.00000000   0.00000068            0.00        0.00        0.10


     Entering Dynamics;  it =     2   time =  0.00097 pico-seconds

  new lattice vectors (alat unit) :
   1.000000594   0.000000005   0.000000068
   0.000000005   1.000000475   0.000000051
   0.000000068   0.000000051   1.000001200
  new unit-cell volume =    445.4691 (a.u.)^3
  new positions in cryst coord
Al      -0.000004452   0.000000683  -0.000002010
Al       0.000000667   0.500000125   0.500003500
Al       0.500003662  -0.000002531   0.499997663
Al       0.500000124   0.500001723   0.000000847
  new positions in cart coord (alat unit)
Al      -0.000004452   0.000000683  -0.000002010
Al       0.000000703   0.500000388   0.500004126
Al       0.500003992  -0.000002503   0.499998297
Al       0.500000424   0.500001963   0.000000906

     Ekin =     0.00000003 Ry    T =    0.0 K  Etot =  -158.01049801
     new unit-cell volume =    445.46912 a.u.^3 (    66.01171 Ang^3 )
     density =      2.71491 g/cm^3

CELL_PARAMETERS (angstrom)
   4.041478390   0.000000022   0.000000273
   0.000000022   4.041477909   0.000000207
   0.000000273   0.000000207   4.041480840

ATOMIC_POSITIONS (angstrom)
Al           -0.0000179934        0.0000027600       -0.0000081218
Al            0.0000028414        2.0207395638        2.0207546683
Al            2.0207541299       -0.0000101145        2.0207311104
Al            2.0207397068        2.0207459288        0.0000036628



     Writing output data file ./pwscf.save/
     NEW-OLD atomic charge density approx. for the potential
     extrapolated charge   12.00002, renormalised to   12.00000

     total cpu time spent up to now is       77.3 secs

     Self-consistent Calculation

     iteration #  1     ecut=    48.95 Ry     beta= 0.40
     Davidson diagonalization with overlap
     ethr =  1.00E-06,  avg # of iterations =  1.6

     Threshold (ethr) on eigenvalues was too large:
     Diagonalizing with lowered threshold

     Davidson diagonalization with overlap
     ethr =  9.46E-11,  avg # of iterations =  1.5

     total cpu time spent up to now is       86.6 secs

     End of self-consistent calculation

     Number of k-points >= 100: set verbosity='high' to print the bands.

     the Fermi energy is     7.9355 ev

!    total energy              =    -158.01049804 Ry
     Harris-Foulkes estimate   =    -158.01051094 Ry
     estimated scf accuracy    <       0.00000001 Ry

     convergence has been achieved in   1 iterations

     Forces acting on atoms (cartesian axes, Ry/au):

     atom    1 type  1   force =     0.00000237   -0.00000516   -0.00000003
     atom    2 type  1   force =    -0.00000100    0.00000461   -0.00000079
     atom    3 type  1   force =    -0.00000201   -0.00000277    0.00000280
     atom    4 type  1   force =     0.00000064    0.00000331   -0.00000199

     Total force =     0.000009     Total SCF correction =     0.000059
     SCF correction compared to forces is large: reduce conv_thr to get better values


     Computing stress (Cartesian axis) and pressure

          total   stress  (Ry/bohr**3)                   (kbar)     P=        0.10
   0.00000067  -0.00000000  -0.00000000            0.10       -0.00       -0.00
  -0.00000000   0.00000067  -0.00000000           -0.00        0.10       -0.00
  -0.00000000  -0.00000000   0.00000068           -0.00       -0.00        0.10


     Entering Dynamics;  it =     3   time =  0.00194 pico-seconds

  new lattice vectors (alat unit) :
   1.000001306   0.000000003   0.000000060
   0.000000003   1.000001186   0.000000044
   0.000000060   0.000000044   1.000001920
  new unit-cell volume =    445.4701 (a.u.)^3
  new positions in cryst coord
Al      -0.000006623   0.000001059  -0.000002988
Al       0.000001140   0.500000129   0.500005285
Al       0.500005352  -0.000003708   0.499996423
Al       0.500000131   0.500002520   0.000001280
  new positions in cart coord (alat unit)
Al      -0.000006623   0.000001059  -0.000002988
Al       0.000001172   0.500000744   0.500006267
Al       0.500006035  -0.000003685   0.499997413
Al       0.500000786   0.500003115   0.000001332

     Ekin =     0.00000003 Ry    T =    0.0 K  Etot =  -158.01049801
     new unit-cell volume =    445.47007 a.u.^3 (    66.01185 Ang^3 )
     density =      2.71490 g/cm^3

CELL_PARAMETERS (angstrom)
   4.041481265   0.000000014   0.000000241
   0.000000014   4.041480780   0.000000178
   0.000000241   0.000000178   4.041483747

ATOMIC_POSITIONS (angstrom)
Al           -0.0000267673        0.0000042808       -0.0000120770
Al            0.0000047352        2.0207409998        2.0207633231
Al            2.0207623832       -0.0000148911        2.0207275377
Al            2.0207411695        2.0207505829        0.0000053820



     Writing output data file ./pwscf.save/
     NEW-OLD atomic charge density approx. for the potential
     extrapolated charge   12.00003, renormalised to   12.00000

     total cpu time spent up to now is       96.7 secs

     Self-consistent Calculation

     iteration #  1     ecut=    48.95 Ry     beta= 0.40
     Davidson diagonalization with overlap
     ethr =  1.00E-06,  avg # of iterations =  1.4

     Threshold (ethr) on eigenvalues was too large:
     Diagonalizing with lowered threshold

     Davidson diagonalization with overlap
     ethr =  1.35E-10,  avg # of iterations =  1.3

     total cpu time spent up to now is      105.8 secs

     End of self-consistent calculation

     Number of k-points >= 100: set verbosity='high' to print the bands.

     the Fermi energy is     7.9355 ev

!    total energy              =    -158.01049804 Ry
     Harris-Foulkes estimate   =    -158.01051905 Ry
     estimated scf accuracy    <       0.00000002 Ry

     convergence has been achieved in   1 iterations

     Forces acting on atoms (cartesian axes, Ry/au):

     atom    1 type  1   force =     0.00001080    0.00000706    0.00000544
     atom    2 type  1   force =     0.00000532   -0.00000810   -0.00000728
     atom    3 type  1   force =    -0.00000993    0.00001073   -0.00000049
     atom    4 type  1   force =    -0.00000619   -0.00000969    0.00000234

     Total force =     0.000026     Total SCF correction =     0.000069
     SCF correction compared to forces is large: reduce conv_thr to get better values


     Computing stress (Cartesian axis) and pressure

          total   stress  (Ry/bohr**3)                   (kbar)     P=        0.10
   0.00000066   0.00000000  -0.00000000            0.10        0.00       -0.00
   0.00000000   0.00000066   0.00000000            0.00        0.10        0.00
  -0.00000000   0.00000000   0.00000067           -0.00        0.00        0.10


     Entering Dynamics;  it =     4   time =  0.00290 pico-seconds

  new lattice vectors (alat unit) :
   1.000002288   0.000000002   0.000000052
   0.000000002   1.000002166   0.000000037
   0.000000052   0.000000037   1.000002911
  new unit-cell volume =    445.4714 (a.u.)^3
  new positions in cryst coord
Al      -0.000008771   0.000001451  -0.000003955
Al       0.000001625   0.500000115   0.500007055
Al       0.500007021  -0.000004863   0.499995182
Al       0.500000125   0.500003297   0.000001718
  new positions in cart coord (alat unit)
Al      -0.000008771   0.000001451  -0.000003955
Al       0.000001652   0.500001217   0.500008529
Al       0.500008191  -0.000004843   0.499996664
Al       0.500001270   0.500004381   0.000001762

     Ekin =     0.00000003 Ry    T =    0.0 K  Etot =  -158.01049801
     new unit-cell volume =    445.47139 a.u.^3 (    66.01205 Ang^3 )
     density =      2.71489 g/cm^3

CELL_PARAMETERS (angstrom)
   4.041485237   0.000000007   0.000000209
   0.000000007   4.041484745   0.000000151
   0.000000209   0.000000151   4.041487753

ATOMIC_POSITIONS (angstrom)
Al           -0.0000354483        0.0000058623       -0.0000159853
Al            0.0000066751        2.0207429136        2.0207724662
Al            2.0207710991       -0.0000195738        2.0207245106
Al            2.0207431274        2.0207557006        0.0000071221



     Writing output data file ./pwscf.save/
     NEW-OLD atomic charge density approx. for the potential
     extrapolated charge   12.00004, renormalised to   12.00000

     total cpu time spent up to now is      115.9 secs

     Self-consistent Calculation

     iteration #  1     ecut=    48.95 Ry     beta= 0.40
     Davidson diagonalization with overlap
     ethr =  1.00E-06,  avg # of iterations =  1.5

     Threshold (ethr) on eigenvalues was too large:
     Diagonalizing with lowered threshold

     Davidson diagonalization with overlap
     ethr =  2.02E-10,  avg # of iterations =  1.3

     total cpu time spent up to now is      125.1 secs

     End of self-consistent calculation

     Number of k-points >= 100: set verbosity='high' to print the bands.

     the Fermi energy is     7.9355 ev

!    total energy              =    -158.01049804 Ry
     Harris-Foulkes estimate   =    -158.01052703 Ry
     estimated scf accuracy    <       0.00000003 Ry

     convergence has been achieved in   1 iterations

     Forces acting on atoms (cartesian axes, Ry/au):

     atom    1 type  1   force =     0.00000654   -0.00000711    0.00000137
     atom    2 type  1   force =    -0.00000076    0.00000605   -0.00000337
     atom    3 type  1   force =    -0.00000538   -0.00000262    0.00000490
     atom    4 type  1   force =    -0.00000040    0.00000368   -0.00000290

     Total force =     0.000015     Total SCF correction =     0.000084
     SCF correction compared to forces is large: reduce conv_thr to get better values


     Computing stress (Cartesian axis) and pressure

          total   stress  (Ry/bohr**3)                   (kbar)     P=        0.10
   0.00000065   0.00000000   0.00000000            0.09        0.00        0.00
   0.00000000   0.00000065  -0.00000000            0.00        0.09       -0.00
   0.00000000  -0.00000000   0.00000065            0.00       -0.00        0.10


     Entering Dynamics;  it =     5   time =  0.00387 pico-seconds

  new lattice vectors (alat unit) :
   1.000003535   0.000000000   0.000000044
   0.000000000   1.000003411   0.000000030
   0.000000044   0.000000030   1.000004167
  new unit-cell volume =    445.4731 (a.u.)^3
  new positions in cryst coord
Al      -0.000010905   0.000001827  -0.000004919
Al       0.000002108   0.500000115   0.500008818
Al       0.500008679  -0.000006023   0.499993952
Al       0.500000118   0.500004082   0.000002149
  new positions in cart coord (alat unit)
Al      -0.000010905   0.000001827  -0.000004919
Al       0.000002130   0.500001835   0.500010916
Al       0.500010468  -0.000006008   0.499996058
Al       0.500001886   0.500005787   0.000002186

     Ekin =     0.00000003 Ry    T =    0.0 K  Etot =  -158.01049801
     new unit-cell volume =    445.47306 a.u.^3 (    66.01230 Ang^3 )
     density =      2.71488 g/cm^3

CELL_PARAMETERS (angstrom)
   4.041490275   0.000000000   0.000000178
   0.000000000   4.041489775   0.000000120
   0.000000178   0.000000120   4.041492830

ATOMIC_POSITIONS (angstrom)
Al           -0.0000440731        0.0000073827       -0.0000198819
Al            0.0000086092        2.0207454102        2.0207821130
Al            2.0207803022       -0.0000242813        2.0207220612
Al            2.0207456150        2.0207613830        0.0000088356



     Writing output data file ./pwscf.save/
     NEW-OLD atomic charge density approx. for the potential
     extrapolated charge   12.00004, renormalised to   12.00000

     total cpu time spent up to now is      135.1 secs

     Self-consistent Calculation

     iteration #  1     ecut=    48.95 Ry     beta= 0.40
     Davidson diagonalization with overlap
     ethr =  1.00E-06,  avg # of iterations =  1.4

     Threshold (ethr) on eigenvalues was too large:
     Diagonalizing with lowered threshold

     Davidson diagonalization with overlap
     ethr =  2.93E-10,  avg # of iterations =  1.2

     total cpu time spent up to now is      144.3 secs

     End of self-consistent calculation

     Number of k-points >= 100: set verbosity='high' to print the bands.

     the Fermi energy is     7.9354 ev

!    total energy              =    -158.01049804 Ry
     Harris-Foulkes estimate   =    -158.01053481 Ry
     estimated scf accuracy    <       0.00000004 Ry

     convergence has been achieved in   1 iterations

     Forces acting on atoms (cartesian axes, Ry/au):

     atom    1 type  1   force =     0.00001645    0.00001026    0.00000823
     atom    2 type  1   force =     0.00000790   -0.00001195   -0.00001107
     atom    3 type  1   force =    -0.00001515    0.00001605   -0.00000049
     atom    4 type  1   force =    -0.00000920   -0.00001436    0.00000333

     Total force =     0.000040     Total SCF correction =     0.000099
     SCF correction compared to forces is large: reduce conv_thr to get better values


     Computing stress (Cartesian axis) and pressure

          total   stress  (Ry/bohr**3)                   (kbar)     P=        0.09
   0.00000063   0.00000000   0.00000000            0.09        0.00        0.00
   0.00000000   0.00000063   0.00000000            0.00        0.09        0.00
   0.00000000   0.00000000   0.00000063            0.00        0.00        0.09


     Entering Dynamics;  it =     6   time =  0.00484 pico-seconds

  new lattice vectors (alat unit) :
   1.000005038  -0.000000001   0.000000037
  -0.000000001   1.000004912   0.000000023
   0.000000037   0.000000023   1.000005681
  new unit-cell volume =    445.4751 (a.u.)^3
  new positions in cryst coord
Al      -0.000013004   0.000002225  -0.000005866
Al       0.000002608   0.500000088   0.500010557
Al       0.500010304  -0.000007149   0.499992721
Al       0.500000092   0.500004835   0.000002588
  new positions in cart coord (alat unit)
Al      -0.000013004   0.000002225  -0.000005866
Al       0.000002626   0.500002556   0.500013409
Al       0.500012842  -0.000007138   0.499995579
Al       0.500002610   0.500007291   0.000002618

     Ekin =     0.00000003 Ry    T =    0.0 K  Etot =  -158.01049801
     new unit-cell volume =    445.47507 a.u.^3 (    66.01259 Ang^3 )
     density =      2.71487 g/cm^3

CELL_PARAMETERS (angstrom)
   4.041496351  -0.000000005   0.000000148
  -0.000000005   4.041495839   0.000000091
   0.000000148   0.000000091   4.041498948

ATOMIC_POSITIONS (angstrom)
Al           -0.0000525562        0.0000089914       -0.0000237076
Al            0.0000106119        2.0207483226        2.0207921867
Al            2.0207898943       -0.0000288486        2.0207201284
Al            2.0207485430        2.0207674593        0.0000105797



     Writing output data file ./pwscf.save/
     NEW-OLD atomic charge density approx. for the potential
     extrapolated charge   12.00005, renormalised to   12.00000

     total cpu time spent up to now is      154.3 secs

     Self-consistent Calculation

     iteration #  1     ecut=    48.95 Ry     beta= 0.40
     Davidson diagonalization with overlap
     c_bands:  2 eigenvalues not converged
     ethr =  1.00E-06,  avg # of iterations =  1.5

     Threshold (ethr) on eigenvalues was too large:
     Diagonalizing with lowered threshold

     Davidson diagonalization with overlap
     ethr =  4.36E-10,  avg # of iterations =  1.2

     total cpu time spent up to now is      163.5 secs

     End of self-consistent calculation

     Number of k-points >= 100: set verbosity='high' to print the bands.

     the Fermi energy is     7.9354 ev

!    total energy              =    -158.01049804 Ry
     Harris-Foulkes estimate   =    -158.01054237 Ry
     estimated scf accuracy    <       0.00000005 Ry

     convergence has been achieved in   1 iterations

     Forces acting on atoms (cartesian axes, Ry/au):

     atom    1 type  1   force =     0.00000919   -0.00001040    0.00000197
     atom    2 type  1   force =    -0.00000097    0.00000894   -0.00000488
     atom    3 type  1   force =    -0.00000759   -0.00000422    0.00000689
     atom    4 type  1   force =    -0.00000063    0.00000569   -0.00000398

     Total force =     0.000022     Total SCF correction =     0.000121
     SCF correction compared to forces is large: reduce conv_thr to get better values


     Computing stress (Cartesian axis) and pressure

          total   stress  (Ry/bohr**3)                   (kbar)     P=        0.09
   0.00000060   0.00000000   0.00000000            0.09        0.00        0.00
   0.00000000   0.00000060  -0.00000000            0.00        0.09       -0.00
   0.00000000  -0.00000000   0.00000060            0.00       -0.00        0.09


     Entering Dynamics;  it =     7   time =  0.00581 pico-seconds

  new lattice vectors (alat unit) :
   1.000006787  -0.000000003   0.000000029
  -0.000000003   1.000006657   0.000000014
   0.000000029   0.000000014   1.000007441
  new unit-cell volume =    445.4774 (a.u.)^3
  new positions in cryst coord
Al      -0.000015084   0.000002601  -0.000006808
Al       0.000003106   0.500000081   0.500012286
Al       0.500011914  -0.000008284   0.499991504
Al       0.500000064   0.500005602   0.000003018
  new positions in cart coord (alat unit)
Al      -0.000015084   0.000002601  -0.000006808
Al       0.000003119   0.500003417   0.500016013
Al       0.500015322  -0.000008278   0.499995239
Al       0.500003456   0.500008929   0.000003040

     Ekin =     0.00000003 Ry    T =    0.0 K  Etot =  -158.01049801
     new unit-cell volume =    445.47741 a.u.^3 (    66.01294 Ang^3 )
     density =      2.71486 g/cm^3

CELL_PARAMETERS (angstrom)
   4.041503417  -0.000000011   0.000000119
  -0.000000011   4.041502894   0.000000057
   0.000000119   0.000000057   4.041506060

ATOMIC_POSITIONS (angstrom)
Al           -0.0000609602        0.0000105105       -0.0000275163
Al            0.0000126072        2.0207518042        2.0208027125
Al            2.0207999168       -0.0000334553        2.0207187527
Al            2.0207519607        2.0207740800        0.0000122871



     Writing output data file ./pwscf.save/
     NEW-OLD atomic charge density approx. for the potential
     extrapolated charge   12.00006, renormalised to   12.00000

     total cpu time spent up to now is      173.5 secs

     Self-consistent Calculation

     iteration #  1     ecut=    48.95 Ry     beta= 0.40
     Davidson diagonalization with overlap
     ethr =  1.00E-06,  avg # of iterations =  1.5

     Threshold (ethr) on eigenvalues was too large:
     Diagonalizing with lowered threshold

     Davidson diagonalization with overlap
     ethr =  6.43E-10,  avg # of iterations =  1.1

     total cpu time spent up to now is      182.6 secs

     End of self-consistent calculation

     Number of k-points >= 100: set verbosity='high' to print the bands.

     the Fermi energy is     7.9353 ev

!    total energy              =    -158.01049803 Ry
     Harris-Foulkes estimate   =    -158.01054960 Ry
     estimated scf accuracy    <       0.00000008 Ry

     convergence has been achieved in   1 iterations

     Forces acting on atoms (cartesian axes, Ry/au):

     atom    1 type  1   force =     0.00002225    0.00001524    0.00001137
     atom    2 type  1   force =     0.00001103   -0.00001740   -0.00001507
     atom    3 type  1   force =    -0.00002055    0.00002269   -0.00000117
     atom    4 type  1   force =    -0.00001273   -0.00002053    0.00000487

     Total force =     0.000055     Total SCF correction =     0.000144
     SCF correction compared to forces is large: reduce conv_thr to get better values


     Computing stress (Cartesian axis) and pressure

          total   stress  (Ry/bohr**3)                   (kbar)     P=        0.09
   0.00000058   0.00000000   0.00000000            0.09        0.00        0.00
   0.00000000   0.00000058   0.00000000            0.00        0.08        0.00
   0.00000000   0.00000000   0.00000058            0.00        0.00        0.09


     Entering Dynamics;  it =     8   time =  0.00678 pico-seconds

  new lattice vectors (alat unit) :
   1.000008771  -0.000000004   0.000000023
  -0.000000004   1.000008638   0.000000007
   0.000000023   0.000000007   1.000009438
  new unit-cell volume =    445.4801 (a.u.)^3
  new positions in cryst coord
Al      -0.000017116   0.000003009  -0.000007727
Al       0.000003628   0.500000037   0.500013983
Al       0.500013479  -0.000009370   0.499990285
Al       0.500000009   0.500006324   0.000003459
  new positions in cart coord (alat unit)
Al      -0.000017116   0.000003009  -0.000007727
Al       0.000003637   0.500004360   0.500018705
Al       0.500017876  -0.000009369   0.499995015
Al       0.500004393   0.500010641   0.000003474

     Ekin =     0.00000003 Ry    T =    0.0 K  Etot =  -158.01049800
     new unit-cell volume =    445.48007 a.u.^3 (    66.01333 Ang^3 )
     density =      2.71484 g/cm^3

CELL_PARAMETERS (angstrom)
   4.041511438  -0.000000016   0.000000092
  -0.000000016   4.041510899   0.000000028
   0.000000092   0.000000028   4.041514131

ATOMIC_POSITIONS (angstrom)
Al           -0.0000691728        0.0000121609       -0.0000312272
Al            0.0000146986        2.0207556136        2.0208135902
Al            2.0208102410       -0.0000378637        2.0207178470
Al            2.0207557469        2.0207809994        0.0000140398



     Writing output data file ./pwscf.save/
     NEW-OLD atomic charge density approx. for the potential
     extrapolated charge   12.00007, renormalised to   12.00000

     total cpu time spent up to now is      192.7 secs

     Self-consistent Calculation

     iteration #  1     ecut=    48.95 Ry     beta= 0.40
     Davidson diagonalization with overlap
     ethr =  1.00E-06,  avg # of iterations =  1.5

     Threshold (ethr) on eigenvalues was too large:
     Diagonalizing with lowered threshold

     Davidson diagonalization with overlap
     ethr =  9.65E-10,  avg # of iterations =  1.2

     total cpu time spent up to now is      201.8 secs

     End of self-consistent calculation

     Number of k-points >= 100: set verbosity='high' to print the bands.

     the Fermi energy is     7.9353 ev

!    total energy              =    -158.01049801 Ry
     Harris-Foulkes estimate   =    -158.01055656 Ry
     estimated scf accuracy    <       0.00000012 Ry

     convergence has been achieved in   1 iterations

     Forces acting on atoms (cartesian axes, Ry/au):

     atom    1 type  1   force =     0.00001065   -0.00001570    0.00000177
     atom    2 type  1   force =    -0.00000216    0.00001392   -0.00000560
     atom    3 type  1   force =    -0.00000860   -0.00000794    0.00000945
     atom    4 type  1   force =     0.00000011    0.00000972   -0.00000563

     Total force =     0.000031     Total SCF correction =     0.000175
     SCF correction compared to forces is large: reduce conv_thr to get better values


     Computing stress (Cartesian axis) and pressure

          total   stress  (Ry/bohr**3)                   (kbar)     P=        0.08
   0.00000054  -0.00000000   0.00000000            0.08       -0.00        0.00
  -0.00000000   0.00000054  -0.00000000           -0.00        0.08       -0.00
   0.00000000  -0.00000000   0.00000054            0.00       -0.00        0.08


     Entering Dynamics;  it =     9   time =  0.00774 pico-seconds

  new lattice vectors (alat unit) :
   1.000010975  -0.000000005   0.000000016
  -0.000000005   1.000010838  -0.000000002
   0.000000016  -0.000000002   1.000011655
  new unit-cell volume =    445.4830 (a.u.)^3
  new positions in cryst coord
Al      -0.000019125   0.000003384  -0.000008641
Al       0.000004144   0.500000023   0.500015667
Al       0.500015026  -0.000010474   0.499989086
Al       0.499999954   0.500007067   0.000003888
  new positions in cart coord (alat unit)
Al      -0.000019125   0.000003384  -0.000008641
Al       0.000004150   0.500005441   0.500021494
Al       0.500020522  -0.000010477   0.499994921
Al       0.500005439   0.500012484   0.000003895

     Ekin =     0.00000003 Ry    T =    0.0 K  Etot =  -158.01049798
     new unit-cell volume =    445.48302 a.u.^3 (    66.01377 Ang^3 )
     density =      2.71482 g/cm^3

CELL_PARAMETERS (angstrom)
   4.041520346  -0.000000021   0.000000066
  -0.000000021   4.041519792  -0.000000009
   0.000000066  -0.000000009   4.041523092

ATOMIC_POSITIONS (angstrom)
Al           -0.0000772937        0.0000136762       -0.0000349228
Al            0.0000167720        2.0207599832        2.0208248617
Al            2.0208209353       -0.0000423442        2.0207174687
Al            2.0207599776        2.0207884464        0.0000157410



     Writing output data file ./pwscf.save/
     NEW-OLD atomic charge density approx. for the potential
     extrapolated charge   12.00008, renormalised to   12.00000

     total cpu time spent up to now is      211.8 secs

     Self-consistent Calculation

     iteration #  1     ecut=    48.95 Ry     beta= 0.40
     Davidson diagonalization with overlap
